000000	0	111	00	0	0	110	00	0	001
000000	0	000	01	0	1	000	01	0	001
000000	0	110	00	0	0	001	00	0	001
000000	0	000	00	0	0	000	00	0	011
000000	0	111	00	0	0	110	00	0	001
000000	0	000	01	0	1	000	01	0	001
000000	0	000	00	0	0	000	00	0	100
000000	0	110	00	0	0	010	00	0	001
000000	0	000	00	0	0	000	00	0	010
000000	0	110	00	0	0	011	00	0	001
000000	0	000	00	0	0	000	00	0	010
000000	0	110	00	0	0	100	00	0	001
000000	0	000	00	0	0	000	00	0	010
000000	0	111	00	0	0	110	00	0	001
000000	0	000	01	0	1	000	01	0	001
000000	0	110	00	0	0	110	00	0	001
000000	0	000	00	0	1	000	01	0	001
000000	0	000	00	0	0	000	00	0	100
000000	0	100	00	0	0	110	00	0	001
000000	0	010	00	0	0	111	00	0	001
000000	1	000	00	0	0	000	10	0	001
000000	0	000	00	0	0	000	00	0	010
000000	0	010	00	0	0	101	00	0	001
010011	0	011	00	1	0	000	00	0	001
000000	0	101	00	0	0	010	00	0	001
000000	0	000	00	0	0	000	00	0	010
000000	0	010	00	0	0	101	00	0	001
001100	0	011	00	1	0	000	00	0	001
000000	0	101	00	0	0	010	00	0	001
000000	0	000	00	0	0	000	00	0	010
000000	0	010	00	0	0	101	00	0	001
000110	0	011	00	1	0	000	00	0	001
000000	0	101	00	0	0	010	00	0	001
000000	0	000	00	0	0	000	00	0	010
000000	0	010	00	0	0	101	00	0	001
011000	0	011	00	1	0	000	00	0	001
000000	0	101	00	0	0	010	00	0	001
000000	0	000	00	0	0	000	00	0	010
000000	0	010	00	0	0	101	00	0	001
000000	0	000	00	1	0	000	00	0	001
000000	0	101	00	0	0	010	00	0	001
000000	0	000	00	0	0	000	00	0	010
000000	0	010	00	0	0	101	00	0	001
011111	0	000	00	1	0	000	00	0	001
000000	0	101	00	0	0	010	00	0	001
000000	0	000	00	0	0	000	00	0	010
000000	0	010	00	0	0	101	00	0	001
110110	0	011	00	1	0	000	00	0	001
000000	0	101	00	0	0	010	00	0	001
000000	0	000	00	0	0	000	00	0	010
000000	0	010	00	0	0	101	00	0	001
111100	0	011	00	1	0	000	00	0	001
000000	0	101	00	0	0	010	00	0	001
000000	0	000	00	0	0	000	00	0	010
000000	0	010	00	0	0	101	00	0	001
101100	0	011	00	1	0	000	00	0	001
000000	0	101	00	0	0	010	00	0	001
000000	0	000	00	0	0	000	00	0	010
000000	0	011	00	0	0	101	00	0	001
111110	0	000	00	1	0	000	00	0	001
000000	0	101	00	0	0	010	00	0	001
000000	0	000	00	0	0	000	00	0	010
000000	0	010	00	0	0	101	00	0	001
100000	0	000	00	1	0	000	00	0	001
000000	0	101	00	0	0	010	00	0	001
000000	0	000	00	0	0	000	00	0	010
000000	0	010	00	0	0	101	00	0	001
101000	0	011	00	1	0	000	00	0	001
000000	0	101	00	0	0	010	00	0	001
000000	0	000	00	0	0	000	00	0	010
000000	0	010	00	0	0	101	00	0	001
100110	0	011	00	1	0	000	00	0	001
000000	0	101	00	0	0	010	00	0	001
000000	0	000	00	0	0	000	00	0	010
000000	0	111	00	0	0	110	00	0	001
000000	0	000	01	0	1	000	01	0	001
000000	0	110	10	0	0	000	00	0	001
000000	0	000	00	0	0	000	00	0	010
000000	0	000	00	0	0	000	00	1	000